20162411 | 111 | 1733901909 | 1736493909
20162411 | 99 | 1733901887 | 1736493887
20182415 | 100 | 1733901858 | 1736493858
20182415 | 66 | 1733901831 | 1736493831
20202430 | 112 | 1733901809 | 1736493809
20202430 | 92 | 1733901793 | 1736493793
20152420 | 59 | 1733901771 | 1736493771
20152420 | 68 | 1733901750 | 1736493750
20152420 | 118 | 1733901732 | 1736493732
20112412 | 34 | 1733901710 | 1736493710
20112412 | 75 | 1733901687 | 1736493687
20112412 | 90 | 1733901672 | 1736493672
20112412 | 19 | 1733901661 | 1736493661
20112412 | 106 | 1733901644 | 1736493644
20112401 | 25 | 1733901553 | 1736493553
20112401 | 1 | 1733901529 | 1736493529
20112401 | 67 | 1733901516 | 1736493516
20112401 | 96 | 1733901503 | 1736493503
20112401 | 23 | 1733901456 | 1736493456
20112401 | 77 | 1733901430 | 1736493430
20112401 | 47 | 1733901414 | 1736493414
20112401 | 30 | 1733900541 | 1736492541
20112401 | 2 | 1733930123 | 1736522123
20211536 | 121 | 1733931379 | 1736523379
